X1: 0.995286
X2: 1.99925
X3: 2.9947
